0 -1
1 -1
2 -1.0
3 -1
4 -1.0
5 -1
6 -1.0
7 -1.0
8 1.0
9 -1.0
10 -1.0
11 1.0
12 -1
13 1.0
14 1.0
15 1.0
16 -1
17 -1
18 -1
19 -1.0
20 -1
21 -1
22 -1.0
23 1.0
24 -1.0
25 -1.0
26 -1.0
27 -1
28 -1
29 1.0
30 -1
31 -1.0
32 -1
33 -1.0
34 0.0
35 -1.0
36 -1.0
37 -1.0
38 -1
39 0.0
40 -1.0
41 1.0
42 -1
43 -1.0
44 -1.0
45 -1
46 1.0
47 -1
48 -1.0
49 -1
50 1.0
51 -1.0
52 -1
53 0.0
54 1.0
55 -1.0
56 -1
57 -1
58 1.0
59 -1
60 -1
61 -1
62 -1
63 1.0
64 1.0
65 -1.0
66 -1.0
67 -1
68 -1
69 1.0
70 -1
71 1.0
72 -1.0
73 -1
74 -1
75 -1
76 -1
77 1.0
78 -1.0
79 -1
80 -1.0
81 -1
82 -1
83 -1
84 1.0
85 -1.0
86 -1
87 1.0
88 -1.0
89 1.0
90 1.0
91 1.0
92 -1.0
93 -1
94 -1
95 -1
96 0.0
97 1.0
98 1.0
99 -1
100 -1
101 -1
102 -1
103 -1.0
104 -1
105 -1.0
106 -1
107 -1
108 1.0
109 -1.0
110 -1
111 1.0
112 -1
113 -1.0
114 -1.0
115 -1
116 1.0
117 -1
118 1.0
119 -1
120 -1.0
121 1.0
122 1.0
123 1.0
124 -1
125 -1.0
126 -1
127 -1.0
128 1.0
129 -1
130 -1
131 1.0
132 -1
133 -1
134 -1
135 1.0
136 -1
137 -1
138 -1
139 -1
140 -1
141 -1
142 1.0
143 -1
144 -1
145 -1.0
146 -1.0
147 -1.0
148 -1.0
149 -1
150 -1
151 -1
152 -1
153 -1
154 -1.0
155 -1
156 0.0
157 -1
158 -1
159 -1
160 1.0
161 1.0
162 1.0
163 -1
164 -1.0
165 1.0
166 1.0
167 -1
168 1.0
169 -1
170 -1.0
171 -1
172 1.0
173 -1
174 -1
175 -1
176 -1
177 -1
178 -1
179 -1.0
180 -1
181 -1
182 -1
183 -1
184 -1
185 -1.0
186 -1
187 -1
188 -1
189 -1
190 -1
191 -1.0
192 -1
193 -1
194 1.0
195 1.0
196 -1.0
197 -1.0
198 -1
199 1.0
200 -1.0
201 -1
202 -1
203 -1
204 1.0
205 1.0
206 1.0
207 -1
208 -1.0
209 -1
210 -1
211 -1.0
212 -1.0
213 -1.0
214 0.0
215 -1
216 -1
217 -1
218 -1
219 -1
220 -1
221 -1
222 -1
223 -1
224 -1
225 1.0
226 -1
227 -1.0
228 -1
229 -1
230 -1
231 -1
232 -1
233 -1
234 -1.0
235 -1
236 -1
237 -1
238 -1
239 -1
240 -1.0
241 -1.0
242 -1
243 -1
244 -1
245 -1
246 -1
247 -1.0
248 -1
249 -1
250 1.0
251 -1.0
252 -1
253 -1
254 -1
255 -1
256 -1
257 -1
258 1.0
259 -1
260 -1
261 -1
262 -1
263 1.0
264 -1
265 -1
266 -1
267 1.0
268 -1.0
269 -1
270 -1
271 -1
272 -1
273 -1
274 -1.0
275 1.0
276 -1
277 -1
278 1.0
279 1.0
280 1.0
281 -1
282 -1
283 -1
284 -1
285 -1
286 -1
287 -1
288 -1
289 -1
290 -1
291 -1
292 -1
293 1.0
294 1.0
295 -1
296 -1.0
297 -1
298 -1
299 -1
300 -1
301 -1
302 -1
303 -1.0
304 -1
305 -1
306 -1.0
307 -1.0
308 -1
309 1.0
310 -1
311 -1
312 -1
313 -1
314 -1
315 -1
316 -1
317 -1.0
318 1.0
319 -1
320 -1
321 -1
322 -1
323 -1
324 -1
325 -1
326 -1
327 -1.0
328 -1
329 -1
330 -1
331 -1
332 -1
333 -1
334 -1
335 -1
336 -1
337 -1
338 -1
339 -1
340 1.0
341 -1.0
342 -1.0
343 1.0
344 -1
345 -1
346 1.0
347 -1
348 -1
349 -1
350 -1.0
351 -1
352 1.0
353 -1
354 -1
355 -1
356 -1
357 -1.0
358 -1
359 -1
360 -1.0
361 -1
362 -1
363 -1
364 -1
365 -1.0
366 -1
367 -1.0
368 -1.0
369 -1.0
370 -1
371 -1
372 -1.0
373 -1
374 -1
375 1.0
376 -1.0
377 1.0
378 1.0
379 -1
380 -1.0
381 -1
382 -1.0
383 -1
384 -1
385 1.0
386 1.0
387 -1
388 1.0
389 -1.0
390 -1
391 -1
392 -1
393 -1
394 -1.0
395 1.0
396 -1
397 -1.0
398 -1.0
399 1.0
400 1.0
401 1.0
402 -1.0
403 1.0
404 -1.0
405 -1.0
406 -1.0
407 -1
408 1.0
409 -1.0
410 -1.0
411 1.0
412 -1
413 -1
414 -1
415 -1.0
416 -1
417 1.0
418 -1.0
419 -1
420 -1.0
421 -1
422 -1
423 1.0
424 1.0
425 0.0
426 -1.0
427 -1
428 -1
429 -1.0
430 -1
431 -1
432 -1
433 -1.0
434 -1.0
435 -1
436 -1
437 0.0
438 0.0
439 -1.0
440 -1
441 -1
442 -1
443 -1
444 -1
445 -1.0
446 1.0
447 -1
448 -1
449 1.0
450 1.0
451 -1.0
452 1.0
453 -1
454 -1.0
455 1.0
456 -1.0
457 -1.0
458 -1.0
459 1.0
460 1.0
461 -1.0
462 -1.0
463 -1.0
464 1.0
465 1.0
466 1.0
467 1.0
468 -1
469 1.0
470 -1.0
471 -1
472 1.0
473 1.0
474 -1.0
475 -1
476 -1.0
477 -1.0
478 1.0
479 -1
480 -1.0
481 -1.0
482 -1.0
483 -1
484 1.0
485 1.0
486 -1.0
487 -1
488 1.0
489 1.0
490 -1.0
491 -1
492 -1.0
493 1.0
494 -1
495 1.0
496 -1.0
497 -1
498 -1.0
499 -1
500 1.0
501 1.0
502 -1.0
503 -1.0
504 -1.0
505 -1
506 -1.0
507 -1.0
508 1.0
509 -1.0
510 -1.0
511 1.0
512 -1
513 -1
514 -1.0
515 1.0
516 1.0
517 1.0
518 -1.0
519 -1.0
520 -1.0
521 -1.0
522 0.0
523 -1
524 -1
525 1.0
526 -1.0
527 -1.0
528 -1.0
529 0.0
530 -1.0
531 -1.0
532 -1
533 -1.0
534 1.0
535 -1
536 1.0
537 -1
538 1.0
539 -1
540 -1
541 0.0
542 -1.0
543 1.0
544 -1
545 1.0
546 -1.0
547 -1.0
548 -1.0
549 -1.0
550 -1.0
551 -1.0
552 -1
553 1.0
554 -1.0
555 1.0
556 -1.0
557 -1
558 -1.0
559 -1.0
560 -1.0
561 1.0
562 -1.0
563 1.0
564 -1.0
565 -1.0
566 -1.0
567 -1.0
568 1.0
569 -1.0
570 1.0
571 -1.0
572 -1.0
573 -1.0
574 0.0
575 1.0
576 -1.0
577 -1.0
578 -1.0
579 1.0
580 -1.0
581 1.0
582 -1.0
583 1.0
584 -1.0
585 -1.0
586 1.0
587 -1.0
588 -1.0
589 -1.0
590 0.0
591 -1.0
592 -1.0
593 -1
594 -1.0
595 1.0
596 1.0
597 -1.0
598 -1.0
599 -1.0
600 1.0
601 1.0
602 1.0
603 1.0
604 -1.0
605 1.0
606 1.0
607 1.0
608 1.0
609 0.0
610 -1.0
611 0.0
612 -1.0
613 -1.0
614 -1.0
615 1.0
616 1.0
617 -1
618 -1.0
619 -1.0
620 -1.0
621 -1
622 -1.0
623 -1.0
624 1.0
625 -1.0
626 -1.0
627 -1
628 -1.0
629 1.0
630 -1.0
631 1.0
632 -1
633 1.0
634 1.0
635 1.0
636 -1.0
637 -1.0
638 -1.0
639 -1.0
640 -1.0
641 -1.0
642 -1.0
643 -1.0
644 1.0
645 -1
646 -1.0
647 1.0
648 -1.0
649 -1.0
650 -1.0
651 -1
652 -1
653 -1.0
654 1.0
655 -1.0
656 -1.0
657 1.0
658 -1.0
659 -1.0
660 1.0
661 1.0
662 1.0
663 -1.0
664 1.0
665 1.0
666 -1.0
667 -1.0
668 1.0
669 1.0
670 -1.0
671 1.0
672 -1.0
673 -1.0
674 -1.0
675 -1
676 1.0
677 -1.0
678 1.0
679 -1.0
680 1.0
681 0.0
682 1.0
683 1.0
684 1.0
685 -1.0
686 -1
687 1.0
688 -1.0
689 -1.0
690 -1.0
691 1.0
692 -1.0
693 -1.0
694 -1.0
695 1.0
696 1.0
697 -1
698 -1.0
699 1.0
700 -1.0
701 -1.0
702 -1
703 -1.0
704 -1
705 -1.0
706 1.0
707 1.0
708 -1.0
709 1.0
710 1.0
711 1.0
712 -1
713 1.0
714 1.0
715 1.0
716 -1.0
717 1.0
718 -1.0
719 -1.0
720 1.0
721 1.0
722 -1.0
723 1.0
724 1.0
725 1.0
726 0.0
727 -1.0
728 1.0
729 -1.0
730 -1.0
731 1.0
732 1.0
733 1.0
734 1.0
735 -1.0
736 -1.0
737 -1.0
738 0.0
739 1.0
740 -1
741 1.0
742 1.0
743 -1.0
744 1.0
745 1.0
746 1.0
747 -1.0
748 -1.0
749 -1.0
750 -1.0
751 -1.0
752 -1.0
753 -1.0
754 -1
755 1.0
756 1.0
757 -1.0
758 -1.0
759 1.0
760 -1.0
761 -1.0
762 -1.0
763 -1.0
764 -1.0
765 1.0
766 -1.0
767 1.0
768 0.0
769 -1.0
770 -1.0
771 -1.0
772 -1.0
773 -1.0
774 -1.0
775 -1.0
776 0.0
777 -1.0
778 -1.0
779 0.0
780 1.0
781 -1
782 -1.0
783 1.0
784 -1.0
785 -1.0
786 -1.0
787 1.0
788 -1.0
789 1.0
790 -1
791 -1.0
792 -1.0
793 1.0
794 1.0
795 1.0
796 1.0
797 -1.0
798 1.0
799 1.0
800 1.0
801 -1.0
802 -1
803 1.0
804 -1.0
805 1.0
806 -1.0
807 1.0
808 1.0
809 -1.0
810 -1.0
811 1.0
812 -1.0
813 1.0
814 1.0
815 -1.0
816 1.0
817 -1.0
818 1.0
819 -1.0
820 1.0
821 1.0
822 1.0
823 -1.0
824 1.0
825 0.0
826 -1.0
827 1.0
828 -1.0
829 1.0
830 1.0
831 -1.0
832 -1.0
833 -1.0
834 1.0
835 1.0
836 1.0
837 -1.0
838 -1.0
839 1.0
840 -1.0
841 -1.0
842 -1.0
843 -1.0
844 -1.0
845 -1.0
846 1.0
847 -1.0
848 -1.0
849 1.0
850 -1.0
851 -1.0
852 1.0
853 -1.0
854 1.0
855 -1.0
856 -1.0
857 -1.0
858 -1.0
859 -1.0
860 1.0
861 1.0
862 1.0
863 -1.0
864 -1.0
865 0.0
866 1.0
867 1.0
868 -1.0
869 -1.0
870 1.0
871 1.0
872 1.0
873 1.0
874 1.0
875 1.0
876 1.0
877 -1.0
878 -1.0
879 -1.0
880 1.0
881 -1.0
882 1.0
883 -1.0
884 -1
885 0.0
886 1.0
887 -1.0
888 1.0
889 -1.0
890 1.0
891 1.0
